8764433527579
5039865296924
5942175929678
2422519536057
2919140023607
2389866621685
394145755494
9753460495204
5946053838675
393239137205
8554239138221
9625417750820
2539128080851
9946310227841
536465408115
3537064006316
2436789755670
939896682637
4737037978441
819417246231
5907577419013
2683164844337
8526120752572
8558563115080
538571882346
617540205249
2689195368283
322520779540
3538060073788
5907130950794
2685098283072
2644841693476
5922508143886
6829129295954
8804123083753
2296085485026
2379737484350
5927252512963
2253060805335
326266142851
2537092627348
2974405541710
396143723879
2244378626069
395414133911
7675018343110
6865318069768
3503675913771
2976155311763
6734407808781
2993377634050
329511711084
3553303423775
2316121786274
2378654721804
619869371747
439702896274
867692856644
5003105293734
392395064244
2669029026461
4736475416889
445746249897
392055087643
9754808532922
9615486326507
544016061401
14504167034
2913071495576
613515607610
2469386987064
9756519561569
324138860485
6733100607167
536692890956
2382600947767
5064020092496
5949409455671
2243526488311
5003033313928
2539567602947
3597319130583
2378016813925
2647706524838
5903524814584
5947723236628
4733215052024
619545964407
3855612008161
9612021678948
9652106671410
2976013104663
2842286579243
819788698845
6739298303215
646697238205
5028257147541
325875317469
497139058981
437472892022
3855075634433
2649016586026
3575743592435
2694352418007
439025938919
2463604235748
8807076238987
3575075453299
305632677138
2386029740212
616268128082
2648123361140
6824451468164
2547821993179
2369714151830
2405810200594
9756364797778
2249204474619
9658177644989
2915852381329
3576164240670
398075643081
9966711778907
625083196691
2574057267821
8762139791766
9752675839919
2359045957246
6862289890661
303647835491
208018099699
5036060338159
302566338502
8529402549552
2989157479214
2296476989872
2645109103130
2366400155626
2978053502340
438655699663
5037065406416
613095456080
394792658180
432019600191
5045624251043
205082073050
2313313873593
445797837156
2256806387564
9615077856486
9657859790913
2408608858356
3459842236211
322195764933
206804116894
984187646887
9625184721508
3457155104303
9964028655881
3765208988589
5037578730170
2386469639881
6869135745760
5925127263656
439256955926
2535398740507
6734128611219
628120210444
2473188884733
398656924719
9756074139288
2442565447718
564358355022
2386180681852
2317475200926
2447057436837
9613369458088
4737128047679
8769103212234
2385014922230
619709815307
2988569415611
616464541368
397267880128
535128594198
6823672764326
205753140996
2365058907944
439028893474
5923058502329
8808589974075
6848387252448
2255751370862
364082801602
817872389050
2849392687171
2916206674612
5004781359477
438150375376
9962238004987
5008014502216
2535593643922
2919097675673
535753050702
5036206266546
936512149515
2648156559044
568195388590
452062427827
813854041432
5948472039261
7677371572169
9617097240150
339349735801
5028633615141
2387803768886
5946120911644
539165415099
2649414002500
3509020950324
8499388047984
3719863829204
2533378567530
6826819679089
9756203776876
9943193666805
8808677835366
5039037618369
394780560918
6793208986693
2539341666683
6732108828939
2682342302247
817370410922
2317193036269
307434263001
622512321417
2249023976105
2359055695110
9949346190314
619408426439
5925020401371
5925123149184
2467170184277
2539052085597
9759072397884
547255657111
2469387936790
2458170496407
2979599614062
6732366725255
2644187929832
4735740007546
628593319828
207852859335
9655877961872
334045733552
2389895782750
435153843145
869164814497
535623406918
7676053513565
3578626812190
938105531209
5036699976768
5046816270730
2695142685607
3557148049469
5029132632865
8766067014247
6793607260703
986812906140
2685141335121
398647064377
932497241328
3452021833082
3459780496028
9654846693854
458312303186
6792105874640
867072507907
4204582121455
202231622084
5909700597726
9758577273243
817659006661
2919096409249
308677831529
6842080816542
8492532821786
2385122245331
626287973341
9942130552144
2977341461164
623518925553
2977172782436
8806678273662
2245154957136
9616811647525
2642083123352
